diffimageml/test_data/sky_image_1_GaiaCat.ecsv
# %ECSV 0.9
# ---
# datatype:
# - name: ra
#   unit: deg
#   datatype: float64
#   description: Right ascension
#   meta: !!omap
#   - {ucd: pos.eq.ra;meta.main}
#   - {utype: Char.SpatialAxis.Coverage.Location.Coord.Position2D.Value2.C1}
# - name: dec
#   unit: deg
#   datatype: float64
#   description: Declination
#   meta: !!omap
#   - {ucd: pos.eq.dec;meta.main}
#   - {utype: Char.SpatialAxis.Coverage.Location.Coord.Position2D.Value2.C2}
# - {name: x, datatype: float64}
# - {name: y, datatype: float64}
# - name: mag
#   unit: mag
#   datatype: float32
#   description: Integrated RP mean magnitude
#   meta: !!omap
#   - {ucd: phot.mag;stat.mean}
# - name: signal_to_noise
#   datatype: float32
#   description: Integrated RP mean flux divided by its error
#   meta: !!omap
#   - {ucd: arith.ratio}
# schema: astropy-2.0
ra dec x y mag signal_to_noise
17.3893719248812 15.002063294152348 2000.1174599768954 2119.543229851869 17.894144 46.62518
17.402501357970607 15.018426155451861 2118.8547072895485 1969.5482208331994 14.626838 564.27405
17.405751160257708 15.0190401358928 2147.9167028502843 1964.1719741290183 18.51086 36.964603
17.391637133285926 15.02641122146281 2022.6537577426254 1894.7659802557457 18.931078 29.734352
17.39981790422187 14.991245972479735 2092.3268097324853 2220.4595589645414 17.19979 77.4989
17.395319836562088 15.031601639171523 2056.0133611942483 1847.1425706357936 18.463684 38.68738
17.385119449599227 15.029813487900014 1964.8116810576942 1862.7273386700099 16.35907 209.26065
17.417940533159904 15.014284582264134 2256.2568375243904 2009.226433497616 16.885187 164.2619
17.41763296270063 15.018496926067131 2253.908258227181 1970.2744945683316 "" ""
17.377637635979436 15.031972840004592 1898.2483264391988 1842.0828928956 17.25503 136.24933
17.39876106457075 15.040452199397 2087.563832259593 1765.6750968316198 18.985552 16.104061
17.398622162634325 15.040495654924284 2086.3284103871906 1765.2608158542223 "" ""
17.3635278274805 15.017669360586563 1770.9503510825693 1972.9438131495658 "" ""
17.385292174333824 15.04086633416018 1967.408414551353 1760.6100630690273 18.511429 58.569317
17.42857579355685 15.014669922955306 2351.2126580838544 2006.6301603871702 18.945518 23.720852
17.432934492787588 15.013330183627923 2389.9887617307954 2019.4039202536726 16.051174 198.06787
17.427765179482737 15.029722777639591 2345.388416076119 1867.4614827023167 19.907185 9.016349
17.38844347668716 14.9718801151574 1988.9528068768889 2398.363741868723 20.067297 9.600445
17.404603860444585 15.048615044356 2140.477121421559 1690.7815768010792 17.842937 86.76251
17.400160337202845 14.97007750136483 2093.3754186541064 2416.0971500295254 13.780103 655.4792
17.356061451967026 15.029265142649937 1705.4354503629716 1865.097586316457 18.338509 49.62374
17.424085671804946 15.040917333513754 2313.6018385676953 1763.6853731246879 16.28793 246.83261
17.37488878216718 14.971460635036454 1867.9131386390775 2400.9877445050506 19.869432 12.770017
17.411644241772677 15.04961741821109 2203.396991539429 1682.1618244753338 19.798597 7.365964
17.44259720415495 15.015256391247746 2476.4082494688773 2002.4754640359083 20.184988 5.49874
17.430737884445204 14.978517044935089 2367.126196110674 2340.895024560529 11.891761 1067.6477
17.425657478039817 14.973334735346187 2321.289903754166 2388.322172870434 18.528738 33.650574
17.443682343416878 15.012783484618131 2485.8630173311935 2025.4238171624293 17.653471 79.457634
17.395195395422792 15.057756693268962 2057.3891730126907 1605.446688769795 19.084307 46.61936
17.39361909777643 14.961479719341492 2034.1649560606797 2494.9442568643367 20.365812 3.777368
17.343993323959413 15.00980250707871 1595.8434760065531 2043.8106608634678 19.446999 9.08485
17.44543328176786 15.024447975447801 2502.574655227065 1917.7957079201888 14.938897 476.52292
17.42003477474458 15.055785776138071 2278.8500822160267 1625.926603763473 18.000437 63.498863
17.354096960604725 15.044738115460657 1689.4010976221975 1721.9370827750543 18.217617 39.309723
17.358349915933474 14.970626360235057 1720.1939295614459 2407.1589320259272 18.318361 33.92813
17.363430940831936 14.96657032494251 1765.1602705415937 2445.1121108742536 18.10709 42.32452
17.344649122802753 15.035654895976545 1604.208752397208 1804.9850859156004 16.764322 159.13281
17.384646585694203 15.06440057659646 1963.8948496801877 1543.0836120312567 19.188917 25.460896
17.346848670703295 14.97593713616939 1618.04020241809 2357.0091264195453 19.715584 16.57636
17.350182605231485 14.970429331100394 1647.2668842749945 2408.216061578737 12.835706 1152.8025
17.42208822219884 14.957789605295035 2287.967886499317 2531.642727338244 16.439085 164.61217
17.36435536640628 15.061399931019835 1782.5494573788446 1568.9312680975845 16.643307 159.19559
17.44940948480104 15.03712870538017 2539.2373925459797 1800.9764305635329 16.952436 75.11065
17.42231305525112 14.956614453646774 2289.8646709198747 2542.5220814052514 "" ""
17.353843986451686 15.055765556808659 1688.210971029248 1620.0150841159484 15.63358 380.13757
17.38290377748662 14.950493001336232 1937.4571745624878 2595.479384959124 19.915657 7.586506
17.41999077902118 14.95422693832229 2268.9082685496887 2564.372977065184 18.621677 27.103634
17.437905676355456 15.055456930905805 2438.286332511853 1630.5814020648268 18.744913 17.551783
17.456394332004294 14.991713063348302 2597.369415118937 2221.263617985004 18.963943 20.841084
17.337527759266457 15.039504144464145 1541.0323185858365 1768.747019800743 "" ""
