diffimageml/test_data/sky_image_1_TestGaiaCat.ecsv
# %ECSV 0.9
# ---
# datatype:
# - name: ra
#   unit: deg
#   datatype: float64
#   description: Right ascension
#   meta: !!omap
#   - {ucd: pos.eq.ra;meta.main}
#   - {utype: Char.SpatialAxis.Coverage.Location.Coord.Position2D.Value2.C1}
# - name: dec
#   unit: deg
#   datatype: float64
#   description: Declination
#   meta: !!omap
#   - {ucd: pos.eq.dec;meta.main}
#   - {utype: Char.SpatialAxis.Coverage.Location.Coord.Position2D.Value2.C2}
# - {name: x, datatype: float64}
# - {name: y, datatype: float64}
# - name: mag
#   unit: mag
#   datatype: float32
#   description: Integrated RP mean magnitude
#   meta: !!omap
#   - {ucd: phot.mag;stat.mean}
# - name: magerr
#   datatype: float64
#   meta: !!omap
#   - {ucd: stat.error;phot.flux}
# - name: signal_to_noise
#   datatype: float32
#   description: Integrated RP mean flux divided by its error
#   meta: !!omap
#   - {ucd: arith.ratio}
# schema: astropy-2.0
ra dec x y mag magerr signal_to_noise
[from data line 284]
17.299109320920458 15.149873127330505 1209.1242298072602 745.2427667189959 17.968199 0.016032752363872454 67.73634
17.54194046873216 15.098520498625032 3370.4532164366656 1241.8020653069505 16.906742 0.007831364891051419 138.67314
17.55255130413334 14.937812693126336 3450.897710157469 2727.739054457039 19.04315 0.03627354299222217 29.939177
17.5450085849088 14.923753852589678 3382.305517227098 2857.004282190369 17.837307 0.016794224207973794 64.66509
17.489167675050325 15.152210369514869 2904.530893653074 741.0929934477203 17.16105 0.011505873329442464 94.38657
17.36270534037462 14.84361673105018 1746.8277182537215 3581.1932501991096 18.384783 0.028827090600546005 37.672897
17.24983785723807 14.913455997893367 745.7469296190727 2925.074072028194 18.394728 0.02681358617793992 40.501854
17.368040075845613 14.841867405078402 1794.3098673458803 3597.8544864562837 "" "" ""
17.565967620721217 14.970516080844257 3573.5584402924696 2426.68518302927 17.781338 0.018699192776759774 58.077374
17.34635032502398 14.846105604210214 1600.984686420395 3556.665372431345 15.192558 0.002903944550145004 373.9741
17.560047689955105 15.069717796555874 3529.458780080143 1509.5028111816061 "" "" ""
17.312687810414854 14.857964968320653 1301.4794612121123 3443.897509245889 19.544367 0.0693665462086929 15.655962
17.54897194652992 15.094510579468295 3432.829732230683 1279.4584764393926 19.871042 0.16850780354319475 6.4448056
17.55110223385874 14.928060240818663 3437.0963780622337 2817.7331897961985 18.534744 0.034691425990016844 31.304565
17.44249088299567 14.844250270862343 2459.5408868530644 3582.6469408398953 15.6001835 0.0021192904558849416 512.43567
17.503194946806058 14.873605749377248 3004.416196843891 3316.7754178190544 18.8409 0.06078198607157885 17.867136
17.364285530171234 15.179614635193797 1793.316725500105 476.5651646666272 16.660425 0.007560651666866558 143.63841
17.397909378832672 14.837703789613727 2060.712702726821 3639.087798219165 18.704657 0.08986833671375291 12.084345
17.55057056531511 14.926036754412852 3432.1700354635946 2836.38582651178 14.502783 0.001619141004521761 670.726
17.450484099055785 15.173702510557952 2561.494978926408 539.0619744417318 17.1206 0.009023182412200629 120.35665
17.399524864575998 14.83725925527659 2075.100634063793 3643.3437565339036 12.332627 0.0008312058646208525 1306.5355
17.38426481525054 14.837073631202893 1938.7743184282901 3643.654714625368 17.587488 0.01971092683510797 55.096344
17.527352090654844 15.12661085327668 3242.81716968512 980.9751999812343 14.101755 0.0018887440384388258 574.9853
17.56118709467893 15.076406965250982 3540.214984195002 1447.7880894504997 17.754496 0.01494439993527359 72.669365
17.318853308058596 15.16788615598584 1386.9967306294755 580.674620858611 19.197283 0.15621481637863344 6.9519653
17.220821619056093 15.056476255346844 501.2927828107365 1600.6561181628826 11.723671 0.0010788634419269833 1006.61487
17.296206200420432 15.156146782551405 1183.8527360140024 686.9933193394074 18.54713 0.043313295574844264 25.073133
17.575542598881412 15.011864299514523 3662.6531411845313 2045.4159676923696 14.910362 0.001951135332335675 556.599
17.358365963048563 14.83862569956885 1707.5857995589186 3626.908181908045 "" "" ""
17.496512743638643 15.154802474978867 2970.279151800459 717.785269930258 14.652546 0.002768107612963915 392.32578
17.33254883565782 15.174998128367076 1509.8357513906326 516.2517984210367 19.389992 0.0574371126380731 18.907635
17.244654765618062 15.109611848335554 719.3465863701565 1112.005201525974 18.726961 0.03306983950208549 32.839592
17.435402728648715 15.181279602994522 2427.7015244627332 467.6911661002814 19.146465 0.03946897332173045 27.515284
17.21482310323575 14.981222820359934 440.0459117470857 2295.434958374693 19.345964 0.03778650539588281 28.74042
17.30741926145663 14.85534002732658 1254.1642545297193 3467.6512049825933 "" "" ""
17.2701189543309 14.881311970776336 923.6170495215524 3224.0722796220766 19.728703 0.0895357829088789 12.129229
17.293541630712806 14.863166945391688 1130.9919442832866 3393.999048220108 18.716318 0.03134605612993336 34.645508
17.44076613961466 14.838657711349041 2443.6142791970774 3634.169967102287 17.171658 0.010571455845206553 102.72946
17.574220379736477 14.97382992626928 3647.5207729164295 2396.7631865263843 16.504097 0.0050993121325369276 212.9699
17.47043667455518 15.171433200010854 2739.2307999284644 561.8092332317206 18.683739 0.0548224489780636 19.809402
17.251085362644126 14.899279098115864 755.4531143411866 3056.196693685486 17.23503 0.0057137239819587075 190.06868
17.27310487496694 14.876832762407693 949.834252216195 3265.7513256715083 15.420266 0.0017472553708083682 621.54626
17.32376693182844 14.846028573340769 1399.2623215163871 3555.2477520533603 18.525541 0.031186017148335642 34.8233
17.578630494583855 15.011487424670324 3690.1804336978803 2049.159369297274 16.448204 0.00827355599189563 131.26158
17.53825947245976 14.898038874199816 3319.7526037355747 3094.0448081663526 "" "" ""
17.546379340817097 15.111450740418888 3411.2025343064315 1122.699917744712 16.075285 0.005282858522631405 205.57053
17.371755380906794 14.832637763081687 1826.6092124626807 3683.4863394777967 19.091293 0.03798615535499854 28.589363
17.288677833457715 15.156640737296813 1116.7560392813787 681.7066870324618 17.64724 0.02506772359395242 43.322643
17.515351169425614 14.873947214636498 3113.013487595177 3314.6814877291663 15.965239 0.004102610460815451 264.7095
17.209010783685354 15.005298183564213 390.6388585051218 2072.3921003350815 18.717096 0.05373201288620957 20.211414
17.3667129204917 14.83225339934482 1781.5301013104477 3686.569458816063 18.854254 0.042568155679655086 25.512028
17.221098188784968 15.074956758003891 505.6518697095278 1429.9159123218074 14.983585 0.0016111412054503863 674.0564
17.576111644919685 14.969105722337867 3663.990384966686 2440.5774972083786 18.061703 0.026999559107177783 40.222878
17.218415122434923 15.069171358063684 481.1196331354522 1483.1100824504258 "" "" ""
17.34234789195124 15.18354450846293 1598.0575924358698 438.20100729243245 18.5449 0.03294446189537051 32.96457
17.281158297714693 14.866068088379947 1020.6824820879845 3365.999907875235 18.899763 0.030229480384833363 35.925198
17.207786603755917 15.033010616745496 382.56394228715726 1816.1962720455156 19.525398 0.052505862025039055 20.683405
17.253774597347153 14.888970985919206 778.4265890995657 3151.7106968592834 17.921686 0.012353050664000048 87.913506
17.57862082986377 15.050183815444898 3693.4762843828175 1691.5819367825893 19.474562 0.09131023472673859 11.893518
17.221748570017773 15.083239128217873 512.3022146300359 1353.4475991824377 18.868149 0.05295679532444155 20.507284
17.583223979981163 15.002726010017426 3730.4144471025247 2130.50718270631 18.068577 0.011102024002143902 97.82
17.57720468498213 14.962247596558838 3673.148174493861 2504.042890544838 17.429728 0.011253324994930229 96.504814
17.21135920472773 15.055811778263681 416.7892146793911 1605.85895158611 "" "" ""
17.20661277217702 14.986159041220438 367.2655409191707 2249.0072838854376 18.757942 0.03166723822374031 34.294117
17.23765370223382 14.907091545351866 636.3053485058927 2982.691131006909 "" "" ""
17.490731618620863 14.85191843113224 2891.131936616761 3516.0840146893806 17.138315 0.008979021456457249 120.94859
17.53660720091253 14.888276604394607 3304.1275292715086 3184.1113702723696 18.668503 0.02927105831895182 37.101494
17.400997074066584 14.826619893852369 2087.24214370418 3741.792165154582 17.276321 0.012421425260654519 87.42958
17.566688495471833 15.087764842034835 3590.2997765153004 1343.3022050575446 "" "" ""
17.536126565069047 15.13303007465876 3321.661436053185 922.4144743700988 17.110094 0.008746192625759859 124.16831
17.58505797819698 14.995836053589459 3746.183713136354 2194.328750691896 15.372133 0.003156615531753674 344.03937
17.53795437794317 14.8871681217474 3316.059539914198 3194.470488644817 "" "" ""
17.513225180465113 15.156245023282104 3119.470662020248 705.914179830417 18.559822 0.020913854710376257 51.9273
17.36713114545556 14.825726478788395 1784.637809727351 3746.920549123738 19.26805 0.06054855404925506 17.936018
17.566047303545314 14.92319870153788 3570.109317686596 2863.931364884769 16.677591 0.007515233407349319 144.50648
17.52360067696169 15.149780222198341 3211.431365403198 766.5526675132542 19.7412 0.07228468493990753 15.02393
17.48637520676805 14.844611423558565 2851.554405601151 3583.220875327419 16.710453 0.00693083702478681 156.69102
17.239810619996835 14.89607997919788 654.4472036824789 3084.6545364134204 17.8169 0.01746591951497063 62.178234
17.469464763756122 15.183811643276188 2731.701175615061 447.33922473269445 17.208721 0.008108325526337418 133.9364
17.540940039638407 15.134811969102723 3364.756845972898 906.3624120788359 17.115448 0.020334306594636246 53.40728
17.36943050232164 14.82254868120749 1804.8721205103452 3776.4988676143885 18.53341 0.02921350651903207 37.174587
17.198995831085327 15.001226534458333 300.83123456801104 2109.018983768196 16.685741 0.006980655308138422 155.57278
17.243776097089093 14.889221918203372 689.1632756441816 3148.4147627127413 17.11382 0.011047293103666969 98.30463
17.584959500320114 14.964272244709525 3742.5543477418237 2485.9881870754116 15.647181 0.004473054760624088 242.7871
17.274527659786266 15.160103303091695 990.896878476733 648.3471578764647 19.076311 0.049023669843881235 22.152565
17.26548306484812 14.866804818178625 880.7584091724195 3357.675518351052 15.154998 0.0025326909376498508 428.79294
17.338438616708167 15.19199029605914 1564.0179588042033 359.79019889707 18.276588 0.02487835970418212 43.652397
17.197904181902615 14.994150588271458 290.35670036405736 2174.294719486405 13.229392 0.0013534786548205862 802.3769
17.22692398222055 14.908435531444468 540.6319148190164 2969.216359478292 18.522396 0.022846323768711343 47.535
17.588258115224924 15.050346456839574 3779.490243318279 1690.890393231356 19.434052 0.20559046543794735 5.2823462
17.217055900033753 15.095489546220213 471.6894043586299 1239.7843645730682 19.76784 0.14992463279244508 7.2436395
17.38595415242492 15.201551564683948 1988.6530047262474 275.86195004384126 19.352127 0.11299064820249764 9.611415
17.51505738949577 15.163135249682627 3136.432908371893 642.4037496430824 17.147766 0.009610672023132203 112.99938
17.272656994952246 14.856748625155907 943.8223092885726 3451.2948352796734 14.383538 0.0024787132908450776 438.13055
17.459263286356702 14.82677906387465 2607.7399202729225 3745.594673425944 20.287035 0.16980264404841 6.39566
17.537097978638087 14.873878635229516 3307.2269760237814 3317.1992391090016 15.792673 0.0029860611282897104 363.68982
17.33377603929495 14.825157650289139 1486.6260721593762 3749.0520079379203 18.5668 0.03217266619637582 33.755363
17.52671712197486 14.863687638586427 3213.6032004967738 3410.472970385748 17.332289 0.011009818149722338 98.63923
17.42134380110115 15.202940905025677 2304.3591131558023 266.25796421738437 18.61893 0.05079017527701393 21.382088
17.226125904126356 14.902799810843911 532.9300024980473 3021.214177894437 18.924238 0.02811635798047745 38.625202
17.387319180396187 15.204708380859957 2001.1263182651933 246.8169386270331 18.917341 0.04141733919783172 26.220901
17.193843270374455 14.99014473489082 253.69514114349204 2210.9049212288514 17.52926 0.018797079207961805 57.774933
17.52499424149407 15.159042978938173 3224.6914862861886 681.0799637154128 14.309641 0.0013248639289412801 819.70685
17.43699543251266 14.819054897787321 2408.1037336104014 3814.9709887497615 19.457823 0.05874505482722401 18.486662
17.55346748256287 14.88849898785787 3454.7157406772058 3183.5042276577847 19.142372 0.04846885209323242 22.406143
17.257633118443472 14.86550100348333 810.5180243888813 3368.960159948737 "" "" ""
17.192950970979894 14.989003703108324 245.61235716194528 2221.359328336497 17.871435 0.013975753810844545 77.70601
17.270934228993156 14.854499795817963 928.2098776236 3471.9082999910843 19.7351 0.08222134119854185 13.20825
17.59456671018605 14.97545602044514 3829.2903548590266 2383.4506734031065 18.568857 0.04487639297934999 24.199806
17.257139918972097 14.865439552337163 806.1069687630509 3369.4799633170996 15.172854 0.0025813615806293214 420.7082
17.19790000440287 14.960594405358384 286.85294232329625 2484.367243588602 19.144238 0.026141855503817122 41.542576
17.24311643162539 14.878786514612708 682.2140199082896 3244.7780082510485 12.258738 0.0012690219813065774 855.77716
17.539597649092787 14.871891145250688 3329.37449110305 3335.7801593409754 19.250551 0.076686295920779 14.161592
17.231459363993743 14.892283825428226 579.4843017542321 3118.912083181998 16.634584 0.008231154435625299 131.93774
17.195558164382472 15.051579972922466 275.3547876271218 1643.3894851240811 12.904961 0.0012348576486434849 879.4536
17.29595383235715 14.837714927709548 1150.0109521731802 3629.419411856733 19.036983 0.03559019254943688 30.514025
17.21536293775488 15.103944954917397 457.4527785776238 1161.485075647534 19.04666 0.05290402565152907 20.527739
17.423094958631516 14.814118424128585 2283.4650411237017 3859.328639232188 19.855556 0.21872890773521766 4.96505
17.350090290978198 15.203244233249771 1669.0133990216816 256.8910071463713 16.35557 0.007042452781887632 154.20764
17.32091907214822 15.194770556905148 1408.0594834280214 332.44509098955996 19.322195 0.07625899277551834 14.240943
17.35810689382331 14.814686253944446 1702.9588665843012 3848.0970702888626 19.744366 0.11614694779039005 9.3502245
17.421563898608873 15.207051955855924 2306.708031659599 228.28948539688508 15.852143 0.00631760822372222 171.9005
17.3333945556749 14.819994237568514 1482.714148361823 3796.7286453500255 18.666891 0.048217758460859746 22.522821
17.233160053374185 15.13360823660343 619.2458182060268 889.1400806424585 18.976997 0.05724982177136018 18.969492
17.21203416330958 14.917720359672918 408.62825267275775 2881.9477795773723 17.629961 0.009992679271183268 108.67956
17.449659312300497 14.818021716003926 2521.1364438863957 3825.6577017268564 18.354132 0.027917987878735083 38.89965
17.58491084786453 15.086830025004266 3752.799519109749 1353.479625485169 17.77095 0.017849511264709225 60.842003
17.2028867251898 15.083541058691525 344.04581678908767 1348.7865655966066 19.704615 0.08241618930342305 13.177023
17.20363795572836 15.086343025360563 351.0371566248825 1322.9700026048508 18.408945 0.023598975505358354 46.018948
17.599954034647944 14.987027337183019 3878.382932641365 2276.975822911307 "" "" ""
17.43362388970847 14.813455515940458 2377.4618812423023 3866.4080129573026 16.738495 0.007319341726781621 148.374
17.572600532145255 14.907152855821838 3627.216238727692 3012.76054978538 17.910103 0.016388267501694916 66.26692
17.465635215722983 15.198794324349585 2698.9296723652187 308.55059404576036 12.365199 0.0011583449316759455 937.54456
17.21936861989076 15.118595479862364 494.68877124878077 1026.5043652020286 18.665106 0.044066879597991854 24.64436
17.602850845463774 15.002506873861241 3905.578050984252 2134.1777376256737 14.128385 0.0013322129134188472 815.185
17.1991030349595 14.939817668111802 295.4474231496022 2676.472994644763 19.294132 0.05682151015446288 19.11248
17.204782323806715 14.926168840768804 344.7466905844424 2803.1596900751438 19.972807 0.0413938439197176 26.235785
17.393372172099742 15.211788989990282 2055.7746917332406 181.9446419049009 14.24161 0.002120267529004028 512.1995
17.214464660522555 15.112645851674277 450.3318394514097 1080.9959908442515 14.7259 0.0017280544207744159 628.45245
17.429046877185804 14.810023010278453 2336.252166745772 3897.7122808675294 19.527063 0.08448858087597469 12.853808
17.603884204139344 15.024895732320918 3916.734663408183 1927.3777055061375 17.06449 0.01025189845595889 105.9316
17.190464808758517 14.962930984797488 220.71922044787016 2462.033306394599 "" "" ""
17.191262400647275 15.060655458930297 237.96181757981458 1559.0988132168936 18.340946 0.022288184905847958 48.72537
