diffimageml/test_data/sky_image_1_TestGaiaCat.ecsv
# %ECSV 0.9
# ---
# datatype:
# - name: ra
#   unit: deg
#   datatype: float64
#   description: Right ascension
#   meta: !!omap
#   - {ucd: pos.eq.ra;meta.main}
#   - {utype: Char.SpatialAxis.Coverage.Location.Coord.Position2D.Value2.C1}
# - name: dec
#   unit: deg
#   datatype: float64
#   description: Declination
#   meta: !!omap
#   - {ucd: pos.eq.dec;meta.main}
#   - {utype: Char.SpatialAxis.Coverage.Location.Coord.Position2D.Value2.C2}
# - {name: x, datatype: float64}
# - {name: y, datatype: float64}
# - name: mag
#   unit: mag
#   datatype: float32
#   description: Integrated RP mean magnitude
#   meta: !!omap
#   - {ucd: phot.mag;stat.mean}
# - name: magerr
#   datatype: float64
#   meta: !!omap
#   - {ucd: stat.error;phot.flux}
# - name: signal_to_noise
#   datatype: float32
#   description: Integrated RP mean flux divided by its error
#   meta: !!omap
#   - {ucd: arith.ratio}
# schema: astropy-2.0
ra dec x y mag magerr signal_to_noise
17.3893719248812 15.002063294152348 2000.1174599768954 2119.543229851869 17.894144 0.023292135077834536 46.62518
17.402501357970607 15.018426155451861 2118.8547072895485 1969.5482208331994 14.626838 0.0019245968416004128 564.27405
17.405751160257708 15.0190401358928 2147.9167028502843 1964.1719741290183 18.51086 0.029379458740470068 36.964603
17.391637133285926 15.02641122146281 2022.6537577426254 1894.7659802557457 18.931078 0.0365234113057038 29.734352
17.39981790422187 14.991245972479735 2092.3268097324853 2220.4595589645414 17.19979 0.014013101247697154 77.4989
17.395319836562088 15.031601639171523 2056.0133611942483 1847.1425706357936 18.463684 0.028071169434706895 38.68738
17.385119449599227 15.029813487900014 1964.8116810576942 1862.7273386700099 16.35907 0.005189700055439936 209.26065
17.417940533159904 15.014284582264134 2256.2568375243904 2009.226433497616 16.885187 0.0066113929196267495 164.2619
17.41763296270063 15.018496926067131 2253.908258227181 1970.2744945683316 "" "" ""
17.377637635979436 15.031972840004592 1898.2483264391988 1842.0828928956 17.25503 0.007970681902450585 136.24933
17.39876106457075 15.040452199397 2087.563832259593 1765.6750968316198 18.985552 0.06743640483236102 16.104061
17.398622162634325 15.040495654924284 2086.3284103871906 1765.2608158542223 "" "" ""
17.3635278274805 15.017669360586563 1770.9503510825693 1972.9438131495658 "" "" ""
17.385292174333824 15.04086633416018 1967.408414551353 1760.6100630690273 18.511429 0.018542132347541443 58.569317
17.42857579355685 15.014669922955306 2351.2126580838544 2006.6301603871702 18.945518 0.045782504651822126 23.720852
17.432934492787588 15.013330183627923 2389.9887617307954 2019.4039202536726 16.051174 0.0054829688235751685 198.06787
17.427765179482737 15.029722777639591 2345.388416076119 1867.4614827023167 19.907185 0.1204478747859607 9.016349
17.38844347668716 14.9718801151574 1988.9528068768889 2398.363741868723 20.067297 0.11311976381130359 9.600445
17.404603860444585 15.048615044356 2140.477121421559 1690.7815768010792 17.842937 0.012516926572707837 86.76251
17.400160337202845 14.97007750136483 2093.3754186541064 2416.0971500295254 13.780103 0.0016568031113642202 655.4792
17.356061451967026 15.029265142649937 1705.4354503629716 1865.097586316457 18.338509 0.021884686174297535 49.62374
17.424085671804946 15.040917333513754 2313.6018385676953 1763.6853731246879 16.28793 0.004399742780428402 246.83261
17.37488878216718 14.971460635036454 1867.9131386390775 2400.9877445050506 19.869432 0.08504295832326185 12.770017
17.411644241772677 15.04961741821109 2203.396991539429 1682.1618244753338 19.798597 0.1474348740944565 7.365964
17.44259720415495 15.015256391247746 2476.4082494688773 2002.4754640359083 20.184988 0.19749978693735065 5.49874
17.430737884445204 14.978517044935089 2367.126196110674 2340.895024560529 11.891761 0.001017189412054919 1067.6477
17.425657478039817 14.973334735346187 2321.289903754166 2388.322172870434 18.528738 0.03227285122914784 33.650574
17.443682343416878 15.012783484618131 2485.8630173311935 2025.4238171624293 17.653471 0.01366766134207582 79.457634
17.395195395422792 15.057756693268962 2057.3891730126907 1605.446688769795 19.084307 0.023295042890610827 46.61936
17.39361909777643 14.961479719341492 2034.1649560606797 2494.9442568643367 20.365812 0.28750176213915574 3.777368
17.343993323959413 15.00980250707871 1595.8434760065531 2043.8106608634678 19.446999 0.11953966375105934 9.08485
17.44543328176786 15.024447975447801 2502.574655227065 1917.7957079201888 14.938897 0.002279008953610915 476.52292
17.42003477474458 15.055785776138071 2278.8500822160267 1625.926603763473 18.000437 0.01710266837900691 63.498863
17.354096960604725 15.044738115460657 1689.4010976221975 1721.9370827750543 18.217617 0.02762675300966304 39.309723
17.358349915933474 14.970626360235057 1720.1939295614459 2407.1589320259272 18.318361 0.03200883763087573 33.92813
17.363430940831936 14.96657032494251 1765.1602705415937 2445.1121108742536 18.10709 0.025658884476362758 42.32452
17.344649122802753 15.035654895976545 1604.208752397208 1804.9850859156004 16.764322 0.006824488194036222 159.13281
17.384646585694203 15.06440057659646 1963.8948496801877 1543.0836120312567 19.188917 0.04265364514564926 25.460896
17.346848670703295 14.97593713616939 1618.04020241809 2357.0091264195453 19.715584 0.0655149842653592 16.57636
17.350182605231485 14.970429331100394 1647.2668842749945 2408.216061578737 12.835706 0.0009420521093178191 1152.8025
17.42208822219884 14.957789605295035 2287.967886499317 2531.642727338244 16.439085 0.006597325232240054 164.61217
17.36435536640628 15.061399931019835 1782.5494573788446 1568.9312680975845 16.643307 0.006821797224731635 159.19559
17.44940948480104 15.03712870538017 2539.2373925459797 1800.9764305635329 16.952436 0.014458669146831917 75.11065
17.42231305525112 14.956614453646774 2289.8646709198747 2542.5220814052514 "" "" ""
17.353843986451686 15.055765556808659 1688.210971029248 1620.0150841159484 15.63358 0.0028568604661016357 380.13757
17.38290377748662 14.950493001336232 1937.4571745624878 2595.479384959124 19.915657 0.14314890574882946 7.586506
17.41999077902118 14.95422693832229 2268.9082685496887 2564.372977065184 18.621677 0.04006842806464153 27.103634
17.437905676355456 15.055456930905805 2438.286332511853 1630.5814020648268 18.744913 0.06187405508666945 17.551783
17.456394332004294 14.991713063348302 2597.369415118937 2221.263617985004 18.963943 0.052108617253752924 20.841084
17.337527759266457 15.039504144464145 1541.0323185858365 1768.747019800743 "" "" ""
17.459218496673415 15.016145448095035 2624.8350785815915 1995.7488923327874 15.969505 0.004298562710748273 252.6426
17.4599555807654 15.004481463236115 2630.336261625339 2103.5954606728346 17.143045 0.013072386441500805 83.07588
17.434487463923492 14.959424280210479 2398.813157469766 2517.6598197998846 19.01555 0.21082786230259645 5.1511216
17.37742718081042 14.946676312787998 1888.19839332075 2630.2409983548196 19.535267 0.07930806108300414 13.693438
17.420790700565753 15.07057287118718 2286.985297046193 1489.3555791454537 "" "" ""
17.34787388917405 14.961950262547575 1625.8346237717901 2486.3500195693205 17.547958 0.013122572504914623 82.75816
17.387941665850203 15.075732391646298 1994.3771559573042 1438.6761662643446 16.43525 0.005101012718719458 212.8989
17.356989834387782 15.065622653892106 1717.2349060839324 1529.2250324421943 19.029245 0.04801020103985589 22.620193
17.45582781279209 15.040687326898283 2596.8442589429906 1768.667418035619 18.674 0.03122738155212264 34.777172
17.4084234766894 14.944403921687273 2164.7127337094844 2654.0886602854494 19.363548 0.08137728479697091 13.345247
17.3522139318745 14.955988133506448 1664.0014064139066 2541.849167394592 15.322938 0.0025146556988328212 431.86826
17.410896539386272 15.076422507257718 2199.2554276318288 1434.402286396455 14.787271 0.001906976081075976 569.488
17.337742888893494 15.051236425696441 1544.0955691911458 1660.355961304423 "" "" ""
17.32401093675928 15.019740801130547 1418.4717835684182 1950.0925427449574 "" "" ""
17.434870761542673 14.950121763713236 2401.366067855217 2603.654071247762 17.409527 0.020501017681347683 52.97298
17.369665154710667 14.941829562942639 1818.4346268619547 2674.3074728873617 17.005045 0.009331364295763785 116.3817
17.3747426728776 14.940032044327728 1863.594332437054 2691.3884065261036 18.105782 0.022744311641779064 47.748203
17.420426162749454 14.939614063435197 2271.421426949653 2699.4423411448356 17.711811 0.01489121487653569 72.9289
17.338400466429132 15.061375265330256 1550.9512889545103 1566.730593839708 18.771915 0.03141013358584026 34.57483
17.40881196212844 15.083463001930895 2181.3212767489267 1369.1547298022354 "" "" ""
17.460121066265543 15.051376876576523 2636.144102813514 1670.2740689859645 18.934155 0.04000369548064231 27.147491
17.46283565197203 15.04747074872602 2660.007359228326 1706.610509711589 18.611757 0.029562177182746976 36.73613
17.316040681055036 15.015328563166957 1346.9052717992404 1990.1075018472536 16.006907 0.0051288231125453864 211.74448
17.401741987433603 14.933952408230068 2104.070297830736 2750.054462905009 18.155516 0.023461165509325584 46.28926
17.36616143258675 15.081471960964649 1800.5974399141874 1383.6247536996448 19.363678 0.06749595375997897 16.089853
17.4677300271409 14.97985394636331 2697.460070552883 2331.8579885083577 18.209126 0.027185027805744028 39.94846
17.387515067725154 15.088748089456429 1991.8123466517538 1318.3658773151642 17.857924 0.016171438478343424 67.15543
17.414443635251647 14.93289606323088 2217.3754862885444 2760.9756755649464 13.0752 0.001479711626054654 733.92676
17.321861550616482 15.046890726647876 1401.9531582075283 1699.0121425531577 14.089141 0.0022166755390535028 489.92285
17.471894790080963 14.982186451386823 2734.8509701791345 2310.674446083216 19.590893 0.07270975450042096 14.936098
17.318090308943173 15.039915304119383 1367.6145065241506 1763.1103172859628 13.350897 0.0009469996329760958 1146.7798
17.47170432423224 15.040037851128426 2738.4654127899485 1776.0824425436017 17.07539 0.00801875170184463 135.43256
17.312939630142125 15.029763120672998 1320.6503918654594 1856.4313110625253 19.383198 0.07274268512871249 14.929337
17.4165451387305 14.930313533744442 2235.8953469357234 2785.030783841451 19.676903 0.044196814391224665 24.571907
17.314956432169943 14.97890833749606 1333.644179052642 2326.542643529003 16.400238 0.009843606838721446 110.32542
17.30895753984991 15.018338106877819 1283.9856850190968 1961.6240713427337 16.468824 0.004473497006587851 242.7631
17.360480236119194 14.933526862639871 1735.6303154246289 2750.1734026024205 16.558641 0.005344012920836929 203.21808
17.3463422343726 15.079384120575615 1623.5644483323374 1401.0668852474616 19.249735 0.08033797737035388 13.517891
17.477630843794014 15.036615001160406 2791.039849454493 1808.236314197953 19.83588 0.156052302443924 6.959205
17.440589648578612 14.937796921275698 2451.274264382704 2718.0570061914764 17.860027 0.019647842734052665 55.273243
17.30785354636604 14.989430742499977 1271.2793042641806 2228.634967396923 17.18965 0.008173988753220455 132.86047
17.335878757945785 14.94439366042982 1517.0397043129315 2647.4532847575083 14.371694 0.001819496019135579 596.8686
17.4705994019758 14.962244000419943 2721.4548830945064 2494.8374662470324 10.762998 0.0013653855770970305 795.3797
17.44617856839411 15.08203969268109 2514.5781936637095 1385.687662530157 19.252165 0.07386902269466371 14.701697
17.4017718833797 14.921789317321752 2103.1843078805123 2862.4498513313383 "" "" ""
17.416849350357953 14.923699145293167 2237.988705169275 2846.1785566747258 18.315842 0.01949905476140107 55.695007
17.442140177374934 14.93378666912996 2464.744347373624 2755.2532189266167 17.82012 0.018287719882884176 59.384113
17.302702418418278 15.016237670522873 1227.9521794957209 1980.4360993603777 19.673853 0.09597956565138704 11.314908
17.478332876076887 14.9719975455625 2791.3865633042187 2405.3954545210563 16.326416 0.005595215183873254 194.0944
17.475026754518694 15.054792307205881 2769.468045787306 1640.0385286983558 19.924608 0.1720218345410407 6.313152
17.3029862876311 15.024841447831182 1231.3367124941979 1900.960731999196 19.152676 0.057390867379168764 18.92287
17.395620243273125 15.099694751757614 2065.16614926106 1217.9587379846766 17.641693 0.02464046596153149 44.07384
17.424190018228412 14.924689152581273 2303.6248610062953 2837.697237445309 14.231841 0.0012119510640548582 896.0758
17.395442727632773 14.919908814911922 2046.4934563470501 2879.2460651838687 17.687435 0.009119721331326882 119.08259
17.4448782377877 15.086436401617668 2503.3852395467798 1344.9432329258298 17.467688 0.0109707746372636 98.99027
17.44146433898111 15.08950396529003 2473.2121125678236 1316.2907453806804 20.096212 0.09888109324954858 10.982888
17.389196727319735 15.10245645827713 2008.122490040953 1191.849003827011 18.173477 0.02065464510313323 52.57897
17.349148064358562 15.09198633627505 1649.8210147655986 1284.8797432658153 17.743225 0.013930824934524605 77.95662
17.32188156678644 14.948141688525316 1392.4420766843084 2611.496983612664 17.026896 0.00820576004096462 132.34605
17.33596859448473 14.934646823498792 1516.8910859698717 2737.5267988431774 17.111061 0.00505408714754903 214.8756
17.3387820063616 14.932462548990506 1541.7972802372879 2757.975409004868 11.477797 0.001422218510911868 763.59576
17.40324835414406 14.915395639509809 2115.761853925742 2921.665648978944 18.152033 0.018422272231009337 58.950382
17.45611729590559 14.935759755934322 2589.7199291971137 2738.2744743278427 18.171856 0.02893882164058904 37.527443
17.47899102205919 15.060838625624102 2805.396198112585 1584.5183388055266 13.443094 0.0011313342523247957 959.9285
17.36539290925508 14.917498453636602 1777.9487349036958 2898.74078510484 17.394327 0.009270908290050854 117.140625
17.48590593434289 15.050317375454382 2866.1383377527736 1682.3503138563028 19.397913 0.06371163815412087 17.045551
17.29473735184501 14.996604453010669 1154.9160790597887 2161.0928425450597 19.056683 0.048074078188814144 22.590137
17.339261195000006 15.092217092184438 1561.6355272093235 1281.8195658536633 19.542833 0.1118800044749833 9.706828
17.491033751209667 14.978901015306352 2905.39351445276 2342.724570393161 19.349054 0.0981397490838096 11.065852
17.340528672582693 14.92659902217662 1556.821409603345 2812.3213320990317 17.314123 0.010281995839899229 105.62151
17.456375428831556 15.089570284804463 2606.2531537912755 1317.0140534461846 17.082787 0.015307461946652327 70.94579
17.466194090819798 14.938235190448431 2679.9166262839717 2716.2990949055356 18.780764 0.07138273855216834 15.213762
17.338658749586155 14.922873741968187 1539.7626169070672 2846.568647601656 19.22873 0.09853780409918281 11.021151
17.376236615794927 14.908455080155566 1873.9055915799106 2983.312452774824 17.8697 0.016691667624658065 65.0624
17.488448698994446 14.960356453532963 2880.6273154567866 2513.8580702400686 19.536503 0.08863727520472302 12.252182
17.449788591918313 15.099982422331435 2548.4522666515218 1220.2116519200947 18.11112 0.018774207391931644 57.845318
17.452044092166282 14.920138696681986 2551.905253295109 2882.256274997763 18.320417 0.0242644827951256 44.756775
17.50421595938945 15.023913337948454 3027.1389684996193 1927.944018845628 17.539242 0.010009189105444152 108.5003
17.403516727527137 14.903284339920457 2117.011072166716 3033.604412651055 18.860168 0.038629537266716724 28.113203
17.40451607180213 14.902510838667208 2125.8616159856147 3040.843388482447 17.607134 0.015383322617734481 70.59593
17.50102540261115 15.04271591266026 3000.3686372652264 1753.9196024962432 "" "" ""
17.50144513502638 15.042454635190738 3004.0905980128814 1756.3706735062433 13.926507 0.01045800861776677 103.843864
17.309978487360066 14.93613467559295 1284.9903971929134 2721.315791668434 17.68131 0.02298893474850008 47.24012
17.293459543297406 14.958698675618344 1139.7462433952353 2511.235527347728 19.132816 0.03730729344941849 29.109589
17.456899886109554 14.915716386813392 2594.853418186963 2923.5551261928363 17.933239 0.01824165882064793 59.534058
17.472625158010317 14.925943440384488 2736.205812217128 2830.4525783590316 20.0216 0.09259632227848474 11.728328
17.374933925519024 15.121472897178966 1882.7035849293156 1014.811604265635 17.802017 0.015162196953656908 71.6255
17.363207543453907 15.119200847762672 1777.8793417278748 1034.7178233872733 19.646282 0.05483841579440803 19.803635
17.469008156799113 15.098482971539163 2719.780669207414 1235.7812570090396 19.18409 0.23589423333858806 4.6037583
17.334614872894015 15.109043236480128 1521.8244644281426 1125.9010326991433 16.793123 0.008673233154588537 125.21282
17.51214232629042 14.98943663128793 3094.7701103036607 2247.218071792925 16.201513 0.006097454393129382 178.10712
17.382590494903162 15.124822409127402 1951.3242314500458 984.5682754077602 18.180515 0.021712318295533387 50.01769
