diffimageml/test_data/sky_image_1_TestGaiaCat.ecsv
# %ECSV 0.9
# ---
# datatype:
# - name: ra
#   unit: deg
#   datatype: float64
#   description: Right ascension
#   meta: !!omap
#   - {ucd: pos.eq.ra;meta.main}
#   - {utype: Char.SpatialAxis.Coverage.Location.Coord.Position2D.Value2.C1}
# - name: dec
#   unit: deg
#   datatype: float64
#   description: Declination
#   meta: !!omap
#   - {ucd: pos.eq.dec;meta.main}
#   - {utype: Char.SpatialAxis.Coverage.Location.Coord.Position2D.Value2.C2}
# - {name: x, datatype: float64}
# - {name: y, datatype: float64}
# - name: mag
#   unit: mag
#   datatype: float32
#   description: Integrated RP mean magnitude
#   meta: !!omap
#   - {ucd: phot.mag;stat.mean}
# - name: magerr
#   datatype: float64
#   meta: !!omap
#   - {ucd: stat.error;phot.flux}
# - name: signal_to_noise
#   datatype: float32
#   description: Integrated RP mean flux divided by its error
#   meta: !!omap
#   - {ucd: arith.ratio}
# schema: astropy-2.0
ra dec x y mag magerr signal_to_noise
[from data line 143]
17.493651428615273 14.943892084236381 2925.576228242006 2666.454996010035 19.486883 0.10956429402250309 9.911988
17.32015026599528 15.10194629344176 1392.088608725349 1190.112638356658 18.547615 0.024423841421568584 44.46475
17.363454260547513 14.895916899075234 1758.5582907880373 3097.9838794743346 19.041431 0.049293604379133125 22.031256
17.45644384312531 14.908147673754401 2590.081208002492 2993.4530821773383 16.73234 0.012033835910830746 90.24554
17.336820147555933 14.90582962834535 1521.684309705909 3003.890812870306 18.9185 0.04812666816341613 22.56545
17.34960337562565 14.89909669707636 1635.1793238261746 3067.307159049605 18.360542 0.016487897715088552 65.86649
17.517025462658903 15.031476071092259 3142.1399748988783 1859.1768309397282 16.604483 0.009325831176304889 116.450745
17.519039764719572 15.01580730871331 3158.707871148007 2004.1392595111242 19.40552 0.14237634687202697 7.6276712
17.511151511089274 15.053967900568628 3091.7479370592164 1650.8296568985693 18.29986 0.030856479351186412 35.1952
17.477575078953773 14.919277733362106 2779.791585215842 2892.485918990021 19.086039 0.05743613268076211 18.907959
17.302969199978985 15.09308119122002 1237.9341143683396 1270.3949085631998 14.415867 0.0015490575339559356 701.0715
17.275871988218633 15.050074426566171 991.8787687420529 1665.1923241240656 18.573612 0.022425090508539913 48.4279
17.515630015789235 15.044736410798343 3130.8803635294835 1736.5231376486436 19.007412 0.0686767359442701 15.813215
17.498512316365282 14.940001118824618 2968.6211209059 2702.8362813049594 16.22829 0.004201335419519834 258.48923
17.503931693082247 14.947696968469538 3017.7028347496594 2632.1973141602134 13.37555 0.0011460340343831513 947.61584
17.416895773862343 15.13060671908666 2257.8847826717265 934.2602190009404 14.404107 0.001983851389369401 547.42004
17.464889399953393 15.112018230195506 2684.282413418845 1110.342561237409 19.129587 0.08486087174822271 12.797418
17.48161138340854 14.919170022428084 2815.8219363704275 2893.838322663063 18.260836 0.02231392614654555 48.66916
17.276770587198047 15.059122773883832 1000.8023123538405 1581.668629112338 14.971832 0.0025608488025684636 424.07816
17.493815685707816 14.930949649116043 2925.865687510041 2786.064200555625 15.303113 0.002758841976990114 393.64343
17.380882727548453 15.133488249372355 1936.919298335985 904.3340970492116 19.341442 0.14751643581270066 7.3618917
17.298808530449826 14.926606458644995 1184.3182555275544 2808.29393786304 18.199945 0.032002341934914066 33.935017
17.409215378497066 15.133783480531118 2189.6747223083376 904.2061424803192 18.224924 0.01859048106164021 58.416992
17.32767741384886 14.901641793265199 1439.6343301428137 3041.725353457902 15.986893 0.0055089547157112515 197.13359
17.48246994501276 14.916434215208321 2823.2379470348533 2919.194469430795 17.852379 0.01778264187057718 61.07079
17.29177477030506 15.088282482184189 1137.5840886769474 1313.6651959819037 15.361834 0.0026199496535076815 414.51178
17.524235993841945 15.031766014013819 3206.5153640216267 1857.1230682214393 14.119674 0.0016749558336980018 648.3753
17.369142872615708 14.884422806128207 1808.2519923061514 3204.7239560456037 14.320996 0.002155018170035035 503.94006
17.512567839860175 15.068235988360508 3105.6728347860003 1519.1084303213513 15.650292 0.003930239762425282 276.31903
17.489762981642407 14.920422201579873 2888.7218040736298 2882.9867297783417 18.87752 0.05740154073431806 18.919353
17.505080834589556 15.082391754394365 3040.1483849381148 1387.648969977272 19.120672 0.06768319014710701 16.045343
17.27846935374097 14.94553730848985 1004.6090893727585 2631.4095398688087 19.789467 0.12982315135412834 8.365226
17.505822942162187 15.082654450382398 3046.7933907754086 1385.2863225523938 19.124516 0.08347514830785521 13.00986
17.295189249874287 15.097177835269052 1168.9304393957036 1231.7957461167737 18.242126 0.02087088389084238 52.034214
17.33624235907516 14.892909032281255 1515.2648651177537 3123.2286171908145 20.364202 0.14914613542263758 7.2814493
17.265008465679415 15.045037022966389 894.4320850345234 1710.6879207346549 18.457277 0.030252120496192338 35.89831
17.46130901017051 14.89667107155197 2632.465211849008 3099.9372722517023 15.847457 0.004621006947883794 235.01372
17.489906795380847 15.103697394981035 2906.703462382491 1189.4439366604568 17.550081 0.014002666130031016 77.556656
17.519634547531982 14.957772308939953 3158.801014453255 2540.4645132111095 18.039803 0.023117777006800257 46.976833
17.50380461720662 14.931156584866498 3015.0709857086954 2785.0279637856675 18.93043 0.046814570640132926 23.197906
17.482108528913397 15.110973536540012 2837.797963984165 1121.5216282430952 "" "" ""
17.520801520888607 15.061198853140946 3178.5084610036683 1584.850578702268 16.952442 0.006939328284088553 156.4993
17.430609073042167 14.881362816927775 2356.8843537564144 3238.6353702967617 "" "" ""
17.306584017279153 15.112834384361964 1272.1352548335972 1088.2117089980209 16.50823 0.007810943684357656 139.03569
17.422073087786153 15.140948709038687 2305.038684662901 839.1650242080891 19.502392 0.10658177652574848 10.189359
17.48199885813247 14.905764394007342 2818.0559351853167 3017.747537884875 18.514175 0.024117689979670467 45.02919
17.30873898902052 14.904435173410315 1270.7959581359323 3014.1150379918176 18.786295 0.04292405007638087 25.3005
17.409886743572514 15.14347036137858 2196.578218121898 814.755743872257 18.276514 0.03427202175022745 31.687654
17.53341166088169 14.997164341585146 3285.3127439112695 2177.653716958909 15.609737 0.0028098246761719473 386.50098
17.278300139345568 15.084483192593872 1016.9853072107339 1347.4753212641076 16.82338 0.007948549990848522 136.6287
17.383433012677695 14.87490503954532 1934.9592855538192 3293.9964660375617 19.624542 0.16836955636217768 6.450097
17.254419081161608 14.999570132168508 795.3461336507917 2129.7904968344224 19.425663 0.08953282108489898 12.12963
17.25275960905339 15.017162961339771 782.3114431978347 1967.0637005046153 18.941216 0.03979157913477415 27.292206
17.273083185632654 15.08233107855249 970.2238673837671 1366.8576597840943 "" "" ""
17.27182616917295 15.081669348771513 958.9422850663907 1372.850694215716 "" "" ""
17.420943671700616 15.146267632881834 2295.464530445574 789.9130354652996 18.74901 0.035679569562791585 30.437588
17.44602130303254 14.88039261561921 2494.4340791350346 3248.9899173147187 17.777832 0.015290553478205232 71.02425
17.471824178827426 15.126935818722234 2747.5175916552457 973.1121297706322 14.610388 0.0021522222569449164 504.59473
17.476405050887795 15.125051631674816 2788.207766984288 990.928702600942 16.147259 0.0044102996631108435 246.24178
17.43736389292702 14.876430447869579 2416.74848523231 3284.8231039047073 17.319853 0.012364247586743107 87.83389
17.263387334645998 14.950303447689237 870.4384597496628 2585.907852343322 18.521994 0.028647552513565072 37.908997
17.3650671684437 14.871806722776292 1770.6391151744474 3320.92362938589 16.31461 0.005030879853025636 215.8668
17.505178343789655 14.917205773584543 3026.074240416983 2914.060990929567 19.829952 0.07792094494843248 13.937202
17.4672245016365 15.133411740833182 2707.0830957713956 912.8630008576649 19.436687 0.09320643629856748 11.651556
17.41843364823702 15.150517757083637 2273.4763095616786 750.4118985820878 18.94708 0.044273705152191416 24.529232
17.339480882265473 14.87649162099105 1542.5861275337043 3275.2381710598074 15.422025 0.004843173355043063 224.23314
17.338880235285796 15.143200088727381 1563.2032088498106 810.6774512251759 15.627244 0.004561003690634939 238.10548
17.517177732155798 15.091754826116757 3148.922007940306 1302.1827137435882 15.752674 0.0036826013713364848 294.90024
17.257540716481394 14.951560181652795 818.3685956153556 2573.7264561946226 16.806427 0.01726083687803739 62.916996
17.244544136330827 15.002947339752113 707.5486765291157 2097.61894893798 19.339617 0.07857503630323837 13.821183
17.24284671330888 15.002391172344037 692.3419935493064 2102.5919314066978 18.831635 0.036314931201293366 29.905054
17.327782139445407 14.877063449619268 1438.1638064953463 3268.8505444344355 15.45171 0.0019304175770858444 562.5726
17.249201193564662 14.963438943094383 745.1183411192696 2463.1482633676515 19.246872 0.054651885867281556 19.871227
17.33022139387848 14.875567367266235 1459.8017831433338 3282.9056245017464 19.654057 0.11016285223509943 9.858132
17.26498192225855 14.92965797278172 882.5994793657933 2776.835653847888 16.617855 0.005079188369852233 213.81369
17.404978503570536 15.158629809006564 2154.233592209711 674.2268274879134 19.527891 0.13459421309251324 8.068698
17.484451242216807 15.131358332869175 2860.5591606888092 933.361952172354 17.275892 0.019853477815523775 54.700745
17.394908953659307 14.860348678965279 2036.0647708501265 3429.5616991721754 19.45486 0.10502107558206093 10.340781
17.38329725647697 14.86065479863845 1932.3851239176356 3425.663250338334 16.252775 0.0049913849325279105 217.57489
17.239567519402986 15.003389502084799 663.1750094101474 2093.0454902136103 18.202084 0.019929083007335688 54.493225
17.404411772060374 15.1596908851847 2149.2793946817574 664.3701584513346 15.676805 0.0029863808042843 363.65088
17.500964266411337 14.900513504502085 2986.93318260437 3067.937607631562 19.078648 0.04702746261573317 23.09289
17.374416366669934 14.860948503300651 1853.094522990659 3422.12746730645 18.058048 0.0390115664679867 27.837898
17.425367479169424 14.862473803559316 2308.3021637711086 3412.7048716683794 19.45126 0.0689151103486965 15.758518
17.398817988198743 14.858429187453089 2070.7958153045706 3447.6576963988746 19.051275 0.12380142070258009 8.772113
17.40167313702278 15.161788301661577 2125.0525495783604 644.7385481906224 19.680756 0.15538087987333288 6.989277
17.23685573987692 15.00770767160134 639.410242387773 2052.8776716229604 19.3199 0.08938081202153143 12.150259
17.53547502858072 15.078590435389534 3310.993439424369 1425.4109985590733 17.208689 0.0091484913330113 118.7081
17.237292670368618 14.997809153247646 642.3036977874362 2144.386929946577 17.98284 0.02766662822226579 39.253067
17.31652121356524 14.877414356670686 1337.6303310610647 3264.540470252976 19.1946 0.05917831077038117 18.351318
17.252294350000074 15.076074008727895 784.1109287940546 1422.6558467402297 16.438286 0.01052170791262093 103.21518
17.55239609878069 15.002927524201205 3455.274423869002 2126.0289736186714 19.20656 0.09096826475048485 11.93823
17.519412515595015 15.103625789534945 3169.9272860811316 1192.6825645849528 19.207941 0.08245749196310578 13.170423
17.379023884431593 14.857435797255828 1893.9097452224764 3455.013394869072 18.581388 0.030525286216056446 35.57706
17.494142732997396 14.89059992887962 2925.1167519852843 3158.9456886827156 18.123024 0.023949883219271786 45.34469
17.549072654572015 14.974361654026415 3423.078788345796 2389.708794560674 15.591169 0.003103569939271798 349.91962
17.38767870771089 15.163190432792799 2000.3723762462764 630.4978132538129 19.230042 0.0712008448492453 15.252628
17.541759532407717 15.068270154744138 3366.1484866851697 1521.3163727413303 18.104298 0.04666664921071239 23.271437
17.289532835352492 14.8944965562659 1098.3048044221318 3104.113997109208 15.111779 0.002443321420209492 444.47693
17.36212001332784 14.85935232104908 1743.1171249248046 3435.733919548342 18.775639 0.043599757502210686 24.908396
17.53783414257985 14.942695545060165 3319.9335540484662 2681.3557306231746 16.649244 0.006598853038555234 164.57405
17.234812189406515 15.009408026900164 621.3440556525475 2036.9649185226017 19.174953 0.06673738850669875 16.272738
17.352932535923635 14.86060576705273 1661.181016574607 3423.293445522521 16.104618 0.0037932824369490948 286.2956
17.327919284438742 14.868506544045387 1438.5511193391994 3347.9333900429656 17.964651 0.022376815476083434 48.532375
17.279586293386178 15.119403348215661 1031.9486503874418 1024.921951822328 19.524408 0.06100588487036391 17.801561
17.422984155903638 14.855494187308414 2286.3604831351977 3476.9839525940606 16.53485 0.003719040599554431 292.0108
17.55734796868896 15.010095266516876 3500.1056334053683 2060.21791347429 18.88212 0.06667817120756993 16.28719
17.23737264817522 15.05057987188833 648.3819363896309 1656.7717341863201 17.535614 0.030289849330061867 35.853596
17.320933175399205 15.150386297217986 1403.8282735041978 742.5789835194091 13.172623 0.00125617763730194 864.5274
17.491914902443998 15.136663822461987 2927.6191192593315 884.9930606212711 14.107356 0.0007330617154719042 1481.4578
17.256451372073656 14.925523265637976 806.0173429289061 2814.212500123542 19.83818 0.0971676053625055 11.176564
17.557255847690897 14.985407757861152 3497.103679882279 2288.3361767042293 19.199299 0.05610047793290815 19.358124
17.29170748685082 14.88570532445683 1116.8506702218842 3185.557870798631 17.010218 0.00829514472272988 130.91995
17.229751765926977 15.00592744446832 575.8238927821867 2068.629015373072 17.209864 0.01401191524124929 77.50546
17.497441226017855 14.885312163061775 2954.092938110603 3208.0972691007355 18.414204 0.027626381282828252 39.310253
17.427162127424154 14.853584035416343 2323.4975693444844 3495.0136720051623 18.122486 0.018149102976048236 59.83767
17.32986853712874 14.863187744711615 1455.4398810840312 3397.2659228826037 16.243448 0.004492686314819625 241.7262
17.43333044337073 15.165101004722382 2407.7085980923416 617.0033261100423 16.899876 0.008816682938175155 123.175575
17.234563906657222 15.052178480250229 623.4809143612647 1641.723998039985 19.609715 0.054927610106614906 19.771477
17.52324457803969 14.908541064484346 3186.612609635621 2995.700937830292 17.919987 0.01786678001342451 60.783195
17.50985485048646 14.893945531565953 3065.7315523156494 3129.406746495394 18.91151 0.04499630695295858 24.135315
17.528621535392098 15.105678346101014 3252.267875587271 1174.5128735785313 19.876709 0.1287560628502874 8.434554
17.502004427812842 14.886724813747785 2994.9723535952116 3195.4437370170717 15.913625 0.007030325125679767 154.47365
17.46893344900689 15.154360528571335 2724.2539324629056 719.4367545986488 12.04196 0.0005200266639312075 2088.3545
17.445937578763974 15.163892369342397 2520.0356874056497 629.3056822534572 12.162715 0.0016869683039553427 643.75836
17.492768070186855 15.141056820601962 2935.6290325308955 844.4742783508416 16.588627 0.010010781662791398 108.48304
17.49547946168593 14.880392121582643 2936.126409448874 3253.3888647601343 16.221622 0.005873736140903046 184.89084
17.477050898865475 15.15162520753784 2796.4043001092537 745.4317476811575 19.26174 0.14492207036988008 7.4936824
17.387603649375883 15.172831944685498 2000.6225559823724 541.3983860194787 18.897835 0.07061968458354637 15.378148
17.279276397764985 14.890425267008247 1006.3083193817808 3140.7467766929494 18.26021 0.019041500642293884 57.03332
17.443581118301204 15.166356385741171 2499.248222550284 606.325391088265 17.930317 0.024251737751645228 44.780296
17.24638198495421 14.930671195351248 716.6323098403711 2765.660387935586 15.589176 0.0020634081605613547 526.3137
17.563816770833157 15.001316851584072 3557.068961188889 2141.886124698858 19.579935 0.13600297517648907 7.9851193
17.3096434749702 14.867885809157222 1275.2675323017538 3351.9342366844635 15.968333 0.0031509124816398266 344.66208
17.230775889306365 14.964887574056295 580.7813389592818 2447.955097145439 15.618127 0.0028547648635436963 380.41663
17.230700662608637 14.96342661088133 579.9608656942478 2461.4475950958918 16.10574 0.0043323761936613124 250.67075
17.227782076404367 15.047192285297857 562.4550418177107 1687.1309238212652 17.570461 0.010292457674686587 105.51416
17.546559388002702 15.086908579969208 3410.6308620764567 1349.498684279275 19.371054 0.09833441122777828 11.043946
17.52129583556493 15.121809099372543 3188.3618214509215 1024.8220747785908 13.233775 0.0020384975703442 532.7453
17.249700074224936 14.920050563505733 745.183611997445 2864.123966646471 18.547544 0.02159667417869386 50.28552
