diffimageml/test_data/sky_image_2_GaiaCat.ecsv
# %ECSV 0.9
# ---
# datatype:
# - name: ra
#   unit: deg
#   datatype: float64
#   description: Right ascension
#   meta: !!omap
#   - {ucd: pos.eq.ra;meta.main}
#   - {utype: Char.SpatialAxis.Coverage.Location.Coord.Position2D.Value2.C1}
# - name: dec
#   unit: deg
#   datatype: float64
#   description: Declination
#   meta: !!omap
#   - {ucd: pos.eq.dec;meta.main}
#   - {utype: Char.SpatialAxis.Coverage.Location.Coord.Position2D.Value2.C2}
# - {name: x, datatype: float64}
# - {name: y, datatype: float64}
# - name: mag
#   unit: mag
#   datatype: float32
#   description: Integrated RP mean magnitude
#   meta: !!omap
#   - {ucd: phot.mag;stat.mean}
# - name: magerr
#   datatype: float64
#   meta: !!omap
#   - {ucd: stat.error;phot.flux}
# - name: signal_to_noise
#   datatype: float32
#   description: Integrated RP mean flux divided by its error
#   meta: !!omap
#   - {ucd: arith.ratio}
# schema: astropy-2.0
ra dec x y mag magerr signal_to_noise
7.277088680028152 -0.9421490214514542 2051.0188195045766 2168.588848901057 "" "" ""
7.283919944645 -0.9437824686340666 2114.2161528424435 2183.550660366902 19.51489 0.06532357583981362 16.624931
7.261210137583927 -0.9233509559590698 1903.8075289886287 1995.0888834216573 19.581694 0.12153951999915714 8.935366
7.259511407645265 -0.9308603076790409 1888.2587258743174 2064.56678577785 18.855675 0.04487361220641305 24.201305
7.294889301369739 -0.9417354098658298 2215.5978022371582 2164.390683005795 19.778921 0.07412130109663158 14.651659
7.253683299331954 -0.9171879921967612 1834.082901952602 1938.2557595198405 19.292816 0.051269257841074965 21.182285
7.287973850358447 -0.9532951207129351 2151.89873939523 2271.4331788774944 18.22263 0.03426674744760386 31.692532
7.270823328582578 -0.9002544893449701 1992.2078602807167 1781.3039244891174 18.99159 0.037608437006038435 28.8765
7.250757221768181 -0.9435807225313656 1807.583723184988 2182.3821763210963 17.983976 0.01452480774060132 74.76863
7.246232355108406 -0.926445840392097 1765.3848274786046 2024.0239831483016 18.329496 0.016272582724879674 66.73802
7.244082518817454 -0.9422583265456519 1745.8403850537343 2170.294086741533 14.422694 0.0012761950946058058 850.96704
7.242675200877002 -0.9382395295271183 1732.7433221837318 2133.1602339018227 18.641172 0.0275260517635371 39.453533
7.2760066975526865 -0.8927611885117352 2039.9773871252544 1711.9012920049981 18.96039 0.027677024705340773 39.238323
7.2395965604206935 -0.9362334388708077 1704.235312300498 2114.6739914206587 19.318716 0.07428658661554008 14.61906
7.304532225789076 -0.9561593519692168 2305.0598378843997 2297.573139920524 12.939664 0.0006237350507084968 1741.1239
7.303003796991075 -0.900081465065534 2289.753996315321 1779.0290219899234 11.650374 0.0005975002991028939 1817.5723
7.2846039457611305 -0.968835252717198 2121.066133763698 2415.2100870072386 15.886407 0.003253408741852184 333.80374
7.2360827247813875 -0.9146935805300758 1671.2910813293647 1915.5598823046114 16.657555 0.007356052264817718 147.63353
7.283812858937661 -0.9727133826451263 2113.833031008145 2451.0894122894497 17.978512 0.016753123121708055 64.82373
7.313704480934567 -0.9029982814035777 2388.756563090616 1805.7782437113888 17.064962 0.006811853248820527 159.42798
7.229849972531439 -0.9231275244213832 1613.8396365237318 1993.6837367616563 19.14968 0.04671742707257812 23.246143
7.27524853048383 -0.8810340404588394 2032.7208297215811 1603.4712448570856 18.722397 0.03689585050456513 29.434204
7.227917186814914 -0.9287834277322017 1596.088151404837 2046.0271135583816 18.502722 0.029900204125041588 36.320824
7.2374751017921035 -0.9657239120006272 1685.242222954295 2387.429760144562 "" "" ""
7.230650230862153 -0.9005066007816699 1620.7612431507291 1784.4814827739233 19.751617 0.12367406815553092 8.781146
7.294093785319746 -0.980595308055763 2209.056610044161 2523.7614493321566 15.659584 0.0026836574508287744 404.67163
7.256467422526906 -0.9797487231534122 1861.1426627482856 2516.7228991155725 19.801773 0.09906465230008869 10.962538
7.32238165299677 -0.9631627585638128 2470.244400736574 2361.963631583928 17.290451 0.006407854445876576 169.4795
7.253498770409223 -0.876916595966134 1831.5285583296404 1565.8528146530414 "" "" ""
7.266381143486192 -0.985741838619152 1952.9316994641797 2571.9352521374753 14.570828 0.0012518494279331895 867.5165
7.226159441910436 -0.9573890280670194 1580.4401642889195 2310.5924790882937 11.050933 0.0006631410584655523 1637.6606
7.3009869417758875 -0.8758702058378194 2270.5986781974552 1555.179321053036 16.80148 0.007347659817136082 147.80215
7.251071462994077 -0.8760216280877587 1809.0659791196517 1557.6277734643384 17.145443 0.008474849181784596 128.14388
7.219949230404467 -0.9093554642764571 1522.003828354726 1866.5368152652463 17.938017 0.014517046334664847 74.80861
7.319451547811863 -0.9721028079435573 2443.339023536374 2444.6972933158786 10.829737 0.0006295918745534116 1724.927
7.215891907665722 -0.9400044582745934 1485.1372364547701 2150.04701734531 17.25626 0.00851550578117508 127.53206
7.242318416089999 -0.8776480011987562 1728.1665489229845 1572.8519905658022 18.52546 0.027828619614910156 39.024574
7.315700520762632 -0.8803236425879158 2406.7386542377053 1596.0543812290202 19.37829 0.04738222292059654 22.919989
7.257514691120846 -0.8693411743649286 1868.5016858596127 1495.7150749166135 14.840102 0.006123306857660866 177.35515
7.25758587627028 -0.8691343359199291 1869.1555358088601 1493.8008519047285 "" "" ""
7.218097528670026 -0.9062429255411503 1504.8166555652615 1837.7929864802356 17.5249 0.01073320305381783 101.18135
7.25084966098983 -0.8712053053129802 1806.9136517289353 1513.0938207493991 19.058983 0.05348291270139987 20.305552
7.210928940473049 -0.9335990545623312 1439.1130801292916 2090.9185359569465 18.3875 0.02438156315887707 44.54185
7.221126956364079 -0.8912698107859215 1532.5109694416328 1699.2660952696874 14.794366 0.001564420206450968 694.1869
7.212316820383319 -0.9094191000667291 1451.4338529611202 1867.286727352678 18.310047 0.021222779638986704 51.171432
7.329426297252132 -0.9758695853672067 2535.645160338311 2479.3221822820797 17.710167 0.014226254416020054 76.33773
7.220876097845382 -0.9727689150099897 1531.914840741178 2452.928625948362 15.190385 0.0015470384279554783 701.98645
7.213666523597654 -0.9634431111038589 1465.0569908411758 2366.8414278980763 18.537294 0.027300059066518372 39.780132
7.345440066912167 -0.9550870994496324 2683.2773269286295 2286.8039300464043 17.860048 0.024679053271174187 44.00493
7.323670857924049 -0.8714641139943636 2480.2501502012483 1513.9599557561528 19.28604 0.04433210094675662 24.496922
