diffimageml/test_data/sky_image_1_TestGaiaCat.ecsv
# %ECSV 0.9
# ---
# datatype:
# - name: ra
#   unit: deg
#   datatype: float64
#   description: Right ascension
#   meta: !!omap
#   - {ucd: pos.eq.ra;meta.main}
#   - {utype: Char.SpatialAxis.Coverage.Location.Coord.Position2D.Value2.C1}
# - name: dec
#   unit: deg
#   datatype: float64
#   description: Declination
#   meta: !!omap
#   - {ucd: pos.eq.dec;meta.main}
#   - {utype: Char.SpatialAxis.Coverage.Location.Coord.Position2D.Value2.C2}
# - {name: x, datatype: float64}
# - {name: y, datatype: float64}
# - name: mag
#   unit: mag
#   datatype: float32
#   description: Integrated RP mean magnitude
#   meta: !!omap
#   - {ucd: phot.mag;stat.mean}
# - name: magerr
#   datatype: float64
#   meta: !!omap
#   - {ucd: stat.error;phot.flux}
# - name: signal_to_noise
#   datatype: float32
#   description: Integrated RP mean flux divided by its error
#   meta: !!omap
#   - {ucd: arith.ratio}
# schema: astropy-2.0
ra dec x y mag magerr signal_to_noise
[from data line 428]
17.187282797375143 15.045788410047388 200.90912949703875 1696.0780221674697 17.51285 0.011121370757197964 97.64983
17.51527156257584 14.842739556320174 3109.4923489712664 3603.0514270607823 15.711106 0.0033169160647803474 327.41257
17.483642970785937 15.195248101213664 2859.186774907263 342.91340849318203 16.488565 0.0052120633032359 208.36278
17.212532148166257 15.114059699172481 433.2373110992164 1067.7398101749136 19.418518 0.08137675716496305 13.345334
17.18581040493662 15.047317368110715 187.9286717110781 1681.8022254194366 15.373895 0.0021739974989943662 499.5406
17.346462675683462 14.810058990181172 1598.4881237294264 3889.7654169365387 19.287931 0.054638691726083474 19.876024
17.456052841296135 14.81307783910446 2577.79382089713 3871.9148823402743 16.971285 0.008372431351553482 129.71143
17.550448815892583 14.869509392836155 3426.0758714316707 3358.7209227753888 19.121464 0.06048797704277186 17.953981
17.46259053338021 15.205197476131751 2672.3699365207485 249.11097991764063 17.235085 0.02183728378069485 49.73146
17.183288083990043 14.978674185698056 158.28743641090045 2315.8403617837894 17.182198 0.007010867405936452 154.90237
17.23391518003097 14.873396006842153 599.492170415286 3293.6856983933694 12.594028 0.0009432461320293671 1151.3431
17.293574311204534 15.192676906380106 1164.0065176479488 349.1847962589384 19.142523 0.045196560416713674 24.028378
17.48101424026109 14.819979196963493 2801.416223946582 3810.363286891736 14.359144 0.0013460226085910514 806.82153
17.332924607662854 14.810448744692064 1477.5838074916483 3884.8897127592495 17.481136 0.018361919093923172 59.144146
17.60453811837615 14.960655254590721 3917.025518496558 2521.0522342925656 17.66653 0.01177706452816684 92.213135
17.552081097475778 14.866153503948373 3440.3570096264484 3389.87113495878 19.581259 0.08531525526397349 12.7292595
17.494133746439818 15.195915733206345 2952.798884640828 337.66640631685027 19.141659 0.05406146259408771 20.088247
17.354289391625578 14.804090777303431 1667.8305778253052 3945.648258939379 16.342894 0.0037000483383585877 293.50967
17.547586507869482 15.158453646763526 3426.140784848412 688.4689417285285 18.077198 0.031841508500254176 34.106422
17.4851388368692 14.81952235301521 2838.2201924826154 3814.94939602676 19.60012 0.15385816010129774 7.0584493
17.4686017051329 14.812763800737915 2689.8693495000025 3875.9364893034062 "" "" ""
17.43047318691849 15.216885608852792 2387.072064204909 138.2269234549501 16.016565 0.004599754455456309 236.09956
17.383099509785865 14.800263563271896 1924.8474776026555 3983.692154782336 13.431654 0.001261415691998554 860.93744
17.57733648959709 15.123823372531565 3688.455431198714 1011.00109228662 15.376632 0.006760727083925033 160.6336
17.54859655606858 15.158284935539513 3435.1345371493353 690.114326203028 14.654672 0.002181986126488805 497.7117
17.39749622475122 14.79956727462818 2053.4005434541596 3991.452258229342 16.009825 0.01003498453480532 108.22139
17.463665984577073 15.209826663885112 2682.3866207604433 206.43022271687983 9.55571 0.001515704370288651 716.49854
17.58874038427304 14.913761723403569 3771.913896378281 2953.053279027001 13.589965 0.002243631374246772 484.03674
17.18420169735182 15.065966956375998 175.51040190395315 1509.3109246662357 19.498116 0.042145135882743365 25.768099
17.433717226785333 15.217715117119997 2416.075214517647 130.85446612392457 18.62328 0.037068141600131055 29.297396
17.59333093749845 15.099803452559087 3829.0505963088135 1234.3040550464802 18.656502 0.04977740279343966 21.81713
17.20878878566099 14.897174985049892 377.53711240457915 3071.4738546829376 20.411669 0.07889398924329304 13.765307
17.26044309217635 14.842036179265477 833.2517304585112 3586.0598551423113 19.075806 0.05576052271639635 19.476145
17.18209898491718 15.064552646594358 156.60117510547934 1522.1686693303106 18.159336 0.018516483018629123 58.650448
17.370616313731695 15.221307458400291 1853.7813772559891 91.88899797164959 14.01043 0.0009079615146077708 1196.0859
17.337786282320337 15.215774657467849 1560.5187872160354 139.9486997802412 18.712626 0.14720072623014258 7.377681
17.231716218908662 14.866144985432348 579.1147158073572 3360.4721728980276 "" "" ""
17.406195331418004 14.796428394693857 2130.8210653018427 4021.2545469095066 15.172162 0.0019061591693813101 569.73206
17.2218535726709 15.145169792000809 519.5747619800272 781.1914352929628 18.79515 0.05425421046417536 20.01688
17.196725813765873 14.911674893980688 271.3146930560695 2936.2870999872503 19.646275 0.05598481439030894 19.398117
17.45685553976586 15.216442311270923 2622.270710533663 144.69106743289876 14.737215 0.0022459234884548572 483.54276
17.394557413769153 14.794703394647174 2026.6828235241878 4036.127289645913 17.821976 0.015432359936597834 70.37161
17.174194066275188 14.976586662822315 76.89196632511857 2334.2155367827945 "" "" ""
17.329600541613598 14.80369620627798 1447.227888366077 3946.972837536887 17.988712 0.018200053248710192 59.670155
17.452257470190464 15.218291640042242 2581.443056728914 127.19153684551429 18.665258 0.04567663190883242 23.775833
17.304393896262447 15.207632016131935 1261.9687827593855 212.026873890979 19.367931 0.11991118187501747 9.056704
17.60960402794239 14.950180574998232 3961.349110646466 2618.2666738564085 16.680784 0.007385325717509384 147.04836
17.508297295616437 14.823537208705478 3045.4618299543777 3779.8842085544948 17.695368 0.014653053246694919 74.11425
17.537888560693645 14.843008317870666 3311.536996763592 3602.5275418208903 11.977923 0.0012046278754500714 901.5232
17.538514925499626 15.176927982327694 3346.87622556742 516.9771743287445 18.922213 0.029457994560243478 36.866055
17.44900493477394 15.22083046140623 2552.6774716753266 103.44032715400567 15.843872 0.0033366890618251118 325.47235
17.357236650077912 15.224862006272684 1734.8274103506405 57.798609390708634 15.55806 0.002162816958415844 502.12292
17.173505770196066 15.053617420928745 78.78387162222953 1622.3502741427722 18.51599 0.021193709416211976 51.24162
17.532291130966204 14.83692755521985 3260.996125752845 3658.234411262065 "" "" ""
17.537908938879756 14.840862141344198 3311.527790631706 3622.3612823993126 12.361595 0.0010668679631141759 1017.9329
17.190032588560285 15.103741073306136 231.45317991029174 1160.8463990940381 19.426178 0.08379363768265438 12.960411
17.328204097699004 14.800746252031646 1434.4636946881265 3974.0999871930944 16.887314 0.015811825234490373 68.68277
17.380811122978937 14.791428660007437 1903.5580205226609 4065.12015758498 18.350554 0.03204153409039488 33.89351
17.567160643767572 14.867558630404371 3575.1606029097766 3378.173273853835 19.897661 0.10214755005509922 10.63168
17.384430268685758 15.228922013964203 1977.6785202395065 22.80324553410469 15.11882 0.001889273454913088 574.82416
17.55577710568425 15.164764382446451 3499.7510788212403 630.8532441453851 16.330118 0.004343097928361416 250.05193
17.474734498790117 15.215588832295493 2781.6117081481043 154.1662075125539 17.418211 0.014146339461272528 76.768974
17.55016197257964 14.849225007847817 3421.717026860436 3546.136356972064 17.30319 0.011959223669053644 90.80857
17.180735132638137 15.086738377669418 146.7394160215806 1317.026158917843 17.104977 0.009443159393718328 115.00388
17.34309400909571 14.7936320617998 1566.7967762023472 4041.2428827911776 15.64985 0.003108123265715349 349.40698
17.458713999367205 15.223058604049044 2639.4532306696115 83.71826261087972 18.42438 0.017902160129391796 60.66307
17.334796572090116 15.225074217025465 1534.7683767089802 53.734223678726494 19.448034 0.35947261176442136 3.0210924
17.550958721132268 15.173767912043694 3457.5740464691244 547.2440363000887 19.079107 0.08092171271441947 13.420379
17.519499685324778 15.197467183572094 3179.1385723440326 325.5415811370269 20.167124 0.1470811294431561 7.38368
17.29990142358775 15.2135274635417 1222.4937838179999 157.12064307386004 19.340994 0.0788593705877909 13.77135
17.34507314961249 14.791584347402717 1584.2798445972426 4060.3508458372667 19.61459 0.06200040779487192 17.516014
17.544030479427015 15.181049319051006 3396.4318082966133 479.36668255512745 20.111818 0.35244385485737906 3.0813417
17.179756007381787 14.925318013098687 121.20603470679134 2808.5190403183296 17.74852 0.019428000881119747 55.8987
17.258236726130434 15.191306690575136 848.7447194282531 358.4324589680898 14.716169 0.00213228809041204 509.31204
17.50762972572951 15.206389215663908 3074.0953933694764 242.06492626458885 18.44038 0.02510774081900728 43.253593
17.52494297278688 14.823346345140159 3194.141261804682 3783.0970131053023 17.631268 0.012501641104136643 86.8686
17.32444817149513 14.794957433605934 1400.341246590799 4027.2363353670225 "" "" ""
17.463617031307532 14.793444953270397 2643.5577206790285 4054.0102430125653 13.370893 0.0014347772136215889 756.9119
17.261024763382668 14.822814273595323 836.5122969556726 3763.736426132139 18.013876 0.03021006394339985 35.948284
17.21186677388361 14.866338060973288 401.8556158234337 3356.7266135321124 16.859348 0.005754881000623438 188.70938
17.608322705949206 15.107052497276639 3963.4258422651246 1168.569318283714 18.683372 0.047673211926025784 22.780088
17.178716772598847 14.917497954462215 111.11288105059043 2880.6752905200988 19.063509 0.05218884748966621 20.809044
17.600014532375223 15.123328343622168 3890.7140517433963 1017.4784094708177 13.224336 0.0013572449902450729 800.1503
17.53620279202598 15.193467355593542 3327.730789857064 363.94441475678445 18.963758 0.048263872555775404 22.501303
17.532131419234204 15.19653815503249 3291.698229513403 335.2178822448982 18.363716 0.02219580646702091 48.92816
17.6080719464023 15.109876254956646 3961.432064705543 1142.4551990628077 18.094479 0.0275758907100684 39.38223
17.614236690984967 15.097431732299752 4015.359831909229 1257.9620947687217 17.447536 0.01656970335067335 65.541306
17.54287489516152 15.189294810213575 3386.859128882914 403.07417356904875 12.095794 0.0013988356357209403 776.36
17.201805860618162 15.14470768193967 340.7109922439083 783.4724246918397 19.52027 0.07357038703517518 14.761374
17.508119055987915 15.212391153155805 3079.001028471297 186.6459270925027 14.866984 0.0019923973858445303 545.07196
17.471750643366903 14.791831418139115 2716.0772627048964 4069.644410358751 20.173275 0.16191316444951526 6.7072988
17.27904411875768 14.808295532873675 996.0280730942986 3899.6430553610517 15.786546 0.003479421458551851 312.12085
17.263645452276936 15.202725843629187 898.1257679671812 253.43949179510128 19.246315 0.050634005245368346 21.448036
17.2821179271038 15.21346305475584 1063.9181555474063 156.00884646226382 13.432201 0.001840865094179263 589.94
17.599712024153437 15.128394722858141 3888.4538365525127 970.6366628093217 15.794193 0.004089877624539287 265.53363
17.579928605091933 14.862680037568134 3688.7685725100673 3424.3365818701527 15.891358 0.0032354092108622928 335.6608
17.478899590489647 15.228734190794594 2819.9539816699107 33.06315801946994 18.743113 0.022124606613080716 49.085617
17.529065850351657 14.814933695602322 3230.218483991922 3861.1923928302504 13.491289 0.0010622854684808629 1022.3241
17.22521264654137 15.180202813745966 553.1151801024369 457.8014013466411 16.84236 0.007083258525774295 153.31926
17.2159906781654 15.171375951505192 469.96793596869156 538.4541872790978 19.47149 0.08771488791481331 12.381022
17.565918388611323 15.179778891101261 3591.5198254290226 492.9718176440065 18.922987 0.03437363049973412 31.593987
17.29275622314889 14.794069625134888 1117.1129771795936 4032.4180351345667 16.03327 0.004367894808223771 248.63235
17.251533929600985 15.204881434288769 790.3438889794911 232.34164118801232 16.897612 0.033399331796498406 32.51562
17.234266095055336 15.192448899924278 635.1008092429167 345.5331659370338 17.097067 0.007529213663522865 144.23817
17.206102473242723 15.165501019204786 381.1757556434693 591.7599537335566 16.061966 0.005216278893030523 208.1944
17.570523744581337 14.84068170423738 3602.8391599215547 3626.818586564903 "" "" ""
17.61012628116867 14.889284405396896 3960.769435793601 3181.02842149188 13.711689 0.001608854908108607 675.0143
17.604928502081062 15.139773679210712 3935.969019275446 865.9227069171611 17.722883 0.01751165918555548 62.015827
17.60915373144518 14.885554240926279 3951.7629009117973 3215.4165174275986 12.660646 0.0010494365039420334 1034.8411
17.596249884478404 15.153816285896673 3859.773305478714 735.4362034669973 18.195072 0.034398313234730166 31.571316
17.228242691776064 15.191273665394617 581.2669308611742 355.800053164196 18.941694 0.04462277615736556 24.337347
17.291017132556266 15.230841720547573 1144.9969776086994 -3.723614608720709 18.807169 0.11523724131514468 9.424037
17.177151247241753 14.888671087975261 94.13130495728342 3146.8908311977634 18.547235 0.03060098756663973 35.48905
17.552921273616192 15.20100265557818 3477.4865838899877 295.7452927058407 17.249908 0.013528738303821414 80.27356
17.505269231098918 15.230703075571036 3055.2463390125804 17.183704646581646 19.188095 0.06359028399913097 17.078081
17.566602506437633 15.19057556926878 3598.57000941175 393.26157408018275 14.393705 0.002489562123585287 436.22128
17.61026598418334 15.140161933531934 3983.612498005331 862.778679848356 18.584028 0.05166926470763506 21.018297
17.25706945859961 14.803164354282975 799.1982974994928 3944.9269060112915 18.347073 0.026386232635669808 41.157825
17.54357661500712 15.209844339270623 3394.943072462899 213.2435537882477 18.069256 0.0179253039745189 60.584747
17.234136817475076 14.817715564910682 595.8038434812947 3808.2217759512014 19.690748 0.12031292684034939 9.026462
17.222792386274552 15.193035844959363 532.843523021548 338.97889485961605 18.645185 0.060727675816867104 17.883116
17.606213798345497 14.870897496162993 3924.243505761958 3350.6091330828012 17.036139 0.013339492783376563 81.41239
17.614757705648557 14.882268083046245 4001.52733323348 3246.2489524706302 19.468462 0.09291854561208786 11.687656
17.22166418905016 14.826355538346778 485.26734599301426 3727.15457213454 17.755457 0.01563665953343334 69.45217
17.246284925983442 15.213197604778772 744.3807181442048 154.9830377207477 18.271883 0.013645976644748974 79.5839
17.268606225025678 15.226937387278328 944.7911499394324 30.19322919564661 17.21097 0.011117232183235397 97.68619
17.24100049483137 14.809749154332675 656.3097881297067 3882.509454891116 19.428928 0.05687376902559826 19.09492
17.59239570959939 14.849962904382533 3799.0142033828465 3542.9014161778878 19.538424 0.09031049049454411 12.025181
17.59173549166127 15.170835690243115 3820.9861001986064 577.7882512207575 19.835266 0.10796159092453833 10.059133
17.19771432443829 14.847388261155222 273.4998258696753 3530.423634361626 18.545675 0.028217124240173058 38.487267
17.589315684799633 14.842514741361242 3770.8556815278635 3611.4683499527737 19.28135 0.047882907435698244 22.680326
17.535366669235373 14.797276828255612 3284.9311851851453 4024.8979249391336 19.795809 0.06676209511474333 16.266716
17.55174442489334 14.80719421897682 3432.130744791899 3934.663171467671 "" "" ""
17.61526879146049 14.870933913406652 4005.118416465001 3351.026506078103 19.070028 0.05067253764286379 21.431726
17.256071075032047 15.22693671262913 833.026512189382 28.98160214146901 16.195854 0.004199015568183188 258.63205
17.245531533187425 15.220772686057035 738.4304314047672 84.91157355429277 15.646163 0.003405333785206555 318.91147
17.177315337224886 14.864122493918247 93.03959344969826 3373.747646318099 17.559286 0.011614747360434866 93.501816
17.256501528009128 15.229600726152238 837.1331560204471 4.40659608003989 18.5386 0.0370664961843786 29.298697
17.211113112158813 14.823287922346452 390.7010289933987 3754.45599325942 18.497059 0.033477783575885885 32.439423
17.21783890736456 14.81704450339392 450.14259498709566 3812.8149481948867 19.171394 0.056155463446294004 19.339169
